1 45 64 22 22
2 291 191 12 19
3 497 49 24 27
4 694 889 28 28
5 942 231 15 24
6 463 561 19 10
7 756 392 27 19
8 612 291 21 17
9 86 585 12 29
10 230 801 27 24
11 823 833 28 13
12 204 231 28 25
13 2 434 28 24
14 495 349 15 23
15 867 820 29 15
16 962 23 19 16
17 858 412 19 11
18 844 806 23 23
19 57 461 14 23
20 870 664 21 14
21 140 653 17 13
22 527 886 13 23
23 960 551 25 15
24 902 201 29 22
25 43 343 19 15
26 304 311 10 29
27 965 403 28 27
28 396 928 10 10
29 309 201 10 13
30 116 268 10 15
31 937 429 26 23
32 936 488 25 20
33 139 735 12 16
34 694 523 24 28
35 190 574 29 24
36 96 457 17 16
37 125 516 15 27
38 770 701 16 10
39 233 834 18 12
40 957 746 19 20
41 271 508 15 20
42 788 790 28 13
43 115 972 28 27
44 561 140 21 26
45 326 365 26 24
46 867 489 10 24
47 662 648 22 18
48 913 592 14 18
49 409 816 11 18
50 310 86 11 27
51 956 316 26 11
52 219 987 13 10
53 884 334 17 18
54 732 557 21 23
55 465 890 29 11
56 346 376 28 17
57 740 736 12 11
58 916 484 15 23
59 570 698 28 15
60 530 868 17 28
61 196 427 19 26
62 48 912 27 27
63 734 807 16 24
64 709 190 13 27
65 627 620 12 17
66 162 446 22 18
67 16 307 20 16
68 156 655 29 28
69 682 488 14 24
70 151 970 17 19
71 713 852 27 12
72 763 85 28 16
73 487 584 12 10
74 27 731 24 27
75 454 45 14 10
76 760 347 26 16
77 278 453 14 18
78 553 40 10 27
79 459 390 17 23
80 621 630 22 25
81 715 507 20 14
82 818 646 19 16
83 593 564 26 28
84 759 685 20 10
85 707 867 23 22
86 65 25 22 27
87 75 74 14 10
88 180 27 28 27
89 725 511 18 29
90 145 768 21 18
91 407 744 25 20
92 135 434 28 18
93 31 861 21 11
94 429 848 23 29
95 273 171 15 26
96 778 344 12 28
97 516 911 29 26
98 622 7 24 24
99 522 518 26 26
100 46 242 25 22
101 343 392 28 17
102 3 816 24 20
103 55 492 28 28
104 377 100 23 11
105 695 483 12 10
106 409 854 19 19
107 387 79 23 24
108 871 898 29 10
109 687 351 23 19
110 719 746 19 29
111 681 894 10 23
112 362 833 26 24
113 524 516 18 19
114 257 161 27 17
115 970 563 23 23
116 861 727 29 17
117 339 372 19 18
118 458 824 29 12
119 690 961 5 3
120 631 182 11 24
121 859 350 13 27
122 4 494 17 23
123 266 263 12 24
124 521 732 14 18
125 656 729 22 18
126 756 347 19 25
127 517 595 21 20
128 414 452 16 23
129 170 233 24 10
130 721 205 16 16
131 899 786 28 16
132 596 362 10 23
133 841 709 22 22
134 637 561 19 15
135 220 654 22 23
136 235 187 6 13
137 0 742 17 29
138 740 143 28 21
139 45 547 29 16
140 730 712 14 28
141 217 944 16 23
142 214 372 12 11
143 921 609 11 18
144 72 764 29 19
145 143 643 26 18
146 895 965 18 14
147 743 447 17 15
148 948 643 25 28
149 214 774 22 18
150 16 16 18 20
151 20 473 23 28
152 456 702 11 24
153 974 294 26 16
154 406 650 18 16
155 453 847 22 21
156 802 432 12 10
157 645 915 22 18
158 561 931 18 22
159 291 742 25 20
160 87 23 16 25
161 161 0 17 16
162 491 414 20 22
163 69 678 24 29
164 359 362 24 15
165 777 265 29 14
166 984 660 12 27
167 864 802 17 21
168 498 541 11 23
169 954 149 28 25
170 211 931 20 24
171 177 547 20 17
172 852 380 15 18
173 584 175 20 28
174 858 353 29 15
175 707 312 29 29
176 654 226 11 28
177 250 362 13 29
178 228 373 27 22
179 320 71 22 18
180 262 936 27 12
181 913 478 25 19
182 139 65 13 29
183 405 781 10 12
184 626 194 19 19
185 729 105 25 26
186 50 770 13 24
187 534 637 10 28
188 17 441 10 20
189 114 253 20 17
190 55 595 20 10
191 216 225 27 16
192 11 531 13 11
193 849 545 15 14
194 58 650 11 11
195 688 789 13 13
196 690 354 23 11
197 839 816 22 23
198 890 583 26 26
199 686 426 22 16
200 410 840 24 24
201 855 308 13 29
202 155 374 17 27
203 74 152 22 12
204 693 546 25 12
205 412 286 28 14
206 630 565 13 15
207 526 494 28 22
208 711 900 21 27
209 737 557 24 12
210 524 603 10 3
211 671 696 23 16
212 928 650 25 29
213 743 223 29 11
214 383 234 26 19
215 95 450 10 10
216 193 367 10 15
217 587 303 12 14
218 367 119 11 28
219 354 783 27 13
220 333 381 25 20
221 497 362 22 13
222 520 973 10 27
223 38 868 10 12
224 839 814 19 26
225 917 920 14 20
226 668 272 26 17
227 122 505 13 27
228 379 251 7 16
229 417 482 29 15
230 791 126 19 19
231 125 728 20 12
232 203 326 11 19
233 596 571 28 17
234 96 10 10 24
235 241 868 27 14
236 921 216 22 29
237 355 386 10 24
238 804 689 28 16
239 447 38 16 24
240 854 572 28 26
241 672 465 29 26
242 178 287 22 23
243 815 830 15 14
244 13 111 23 22
245 78 256 16 12
246 631 195 10 19
247 588 219 14 10
248 446 21 16 25
249 456 635 14 13
250 543 55 14 27
251 72 658 24 12
252 206 72 22 10
253 418 394 14 25
254 213 26 22 20
255 507 543 23 14
256 455 400 21 12
257 71 907 18 27
258 670 185 24 25
259 251 560 13 16
260 387 973 16 12
261 910 601 12 10
262 341 792 18 26
263 932 800 24 25
264 923 939 21 23
265 314 88 3 21
266 100 438 12 10
267 329 628 26 11
268 941 497 22 22
269 100 342 18 13
270 762 65 13 22
271 91 594 11 16
272 716 12 29 25
273 755 640 13 27
274 299 963 18 29
275 264 333 22 23
276 46 660 19 25
277 683 623 15 26
278 362 726 23 24
279 665 862 25 15
280 778 15 19 11
281 302 775 21 29
282 180 361 14 16
283 627 32 11 27
284 440 549 27 14
285 477 522 26 27
286 112 322 15 20
287 913 540 17 10
288 213 730 29 12
289 878 471 26 19
290 435 338 17 20
291 930 502 14 19
292 83 602 18 15
293 311 79 13 20
294 941 478 19 25
295 82 935 19 24
296 620 339 20 29
297 526 75 15 13
298 7 632 25 29
299 579 110 26 22
300 267 881 27 21
301 784 871 21 10
302 328 480 28 10
303 93 950 18 11
304 914 241 28 26
305 789 3 19 16
306 420 744 22 15
307 148 342 19 12
308 661 725 21 22
309 240 502 15 10
310 80 205 29 28
311 402 286 14 21
312 497 526 28 17
313 750 436 24 19
314 869 571 19 14
315 975 561 10 18
316 45 518 13 15
317 776 859 27 25
318 622 607 25 21
319 69 48 29 19
320 751 479 22 10
321 561 188 27 28
322 834 962 29 23
323 670 142 27 21
324 39 357 10 29
325 920 292 29 23
326 658 863 26 22
327 941 431 29 13
328 245 620 18 23
329 81 254 20 28
330 417 626 28 26
331 173 358 18 28
332 688 348 12 14
333 779 344 22 19
334 670 678 18 25
335 831 793 17 27
336 264 229 14 25
337 483 189 23 21
338 48 222 28 21
339 853 34 26 12
340 32 817 25 22
341 961 626 22 16
342 920 618 10 10
343 882 753 12 25
344 25 802 26 28
345 254 427 25 14
346 691 550 16 29
347 566 347 12 28
348 368 22 21 25
349 457 55 27 24
350 170 60 27 10
351 835 781 22 20
352 496 873 19 22
353 320 839 14 19
354 858 698 18 15
355 705 478 17 13
356 253 336 16 14
357 421 597 29 14
358 387 437 25 28
359 337 239 28 19
360 8 824 14 27
361 800 457 18 28
362 855 283 29 17
363 729 554 13 18
364 340 438 29 23
365 649 917 23 19
366 146 607 12 22
367 186 590 10 19
368 913 877 17 17
369 581 590 17 20
370 527 472 19 21
371 227 6 27 29
372 415 697 25 10
373 838 410 24 22
374 866 943 10 10
375 171 425 22 16
376 882 757 23 10
377 108 126 16 17
378 604 920 28 20
379 100 651 22 17
380 883 261 22 22
381 3 856 13 14
382 159 424 21 24
383 207 537 15 13
384 147 703 4 4
385 389 76 24 11
386 745 739 25 10
387 539 819 10 26
388 916 227 10 21
389 844 314 17 27
390 480 589 21 13
391 168 684 17 10
392 320 334 22 25
393 163 1 18 15
394 903 746 18 14
395 541 66 19 16
396 340 167 12 16
397 458 576 23 23
398 54 511 27 18
399 128 584 25 12
400 71 283 16 21
401 71 424 23 12
402 438 61 18 26
403 325 455 19 24
404 176 73 29 29
405 918 785 17 23
406 36 232 28 21
407 166 385 25 25
408 125 953 12 17
409 633 118 29 26
410 32 83 24 29
411 46 413 19 14
412 416 763 11 23
413 50 229 26 11
414 414 97 13 17
415 137 88 10 14
416 914 701 20 20
417 907 885 17 27
418 665 202 27 21
419 3 833 11 25
420 185 932 17 20
421 908 79 29 19
422 389 83 26 26
423 893 703 14 29
424 915 881 12 9
425 652 673 12 11
426 726 221 22 28
427 745 73 28 15
428 682 856 16 15
429 940 417 29 17
430 594 796 25 16
431 939 227 17 18
432 707 983 20 11
433 517 173 20 21
434 719 392 18 14
435 227 279 11 20
436 4 655 21 13
437 131 418 28 24
438 123 724 25 28
439 300 223 18 28
440 184 807 19 25
441 586 689 17 12
442 583 400 16 16
443 341 474 25 23
444 725 346 13 15
445 472 461 18 10
446 679 136 10 12
447 467 32 28 21
448 256 348 16 15
449 110 275 28 15
450 254 812 21 28
451 320 126 27 25
452 510 295 25 17
453 134 954 22 28
454 333 137 25 14
455 5 489 20 16
456 523 51 18 25
457 83 651 21 24
458 97 652 11 22
459 659 127 29 23
460 569 336 16 19
461 522 968 21 23
462 700 412 22 21
463 897 722 25 29
464 193 577 19 17
465 274 233 14 12
466 201 140 21 22
467 741 219 17 12
468 515 388 16 18
469 215 239 29 10
470 435 724 12 15
471 524 442 10 29
472 11 84 19 19
473 170 393 29 29
474 278 404 18 13
475 152 683 18 21
476 608 637 10 10
477 920 652 27 29
478 301 218 12 27
479 711 364 10 18
480 919 804 17 28
481 632 848 16 15
482 972 802 4 8
483 603 391 25 10
484 577 263 14 17
485 618 909 21 10
486 905 91 10 15
487 540 68 13 29
488 51 660 17 26
489 695 384 11 16
490 208 360 16 25
491 665 732 15 18
492 447 841 19 12
493 968 257 14 20
494 651 815 25 18
495 9 308 10 17
496 320 538 27 13
497 980 965 18 20
498 402 132 15 18
499 949 187 24 12
500 403 561 12 29
501 15 850 8 12
502 50 619 20 10
503 388 498 27 28
504 114 209 10 23
505 133 854 21 19
506 33 809 15 14
507 0 596 13 18
508 120 533 14 12
509 562 488 13 13
510 292 771 10 14
511 532 36 24 16
512 202 207 16 13
513 509 889 25 26
514 703 965 24 22
515 91 754 11 15
516 208 354 29 27
517 43 639 10 14
518 232 184 14 25
519 506 522 16 11
520 366 282 19 10
521 831 269 18 15
522 406 665 22 12
523 261 560 11 15
524 585 306 13 23
525 858 818 27 12
526 919 370 29 26
527 119 736 21 27
528 931 880 18 22
529 416 460 18 14
530 132 258 18 18
531 506 311 17 11
532 128 344 23 17
533 642 564 23 13
534 170 226 20 29
535 496 381 23 11
536 187 809 12 18
537 94 761 17 10
538 949 242 12 22
539 639 388 28 22
540 492 268 15 15
541 475 875 24 27
542 851 817 19 16
543 184 433 23 12
544 690 388 29 29
545 251 823 17 27
546 726 130 25 13
547 829 946 22 16
548 875 66 11 23
549 892 147 17 22
550 40 100 27 27
551 564 888 13 14
552 620 546 18 23
553 987 909 11 13
554 253 937 11 19
555 962 331 28 21
556 387 701 13 21
557 220 836 21 25
558 34 794 25 29
559 482 977 20 16
560 441 848 12 22
561 653 682 21 18
562 139 214 15 14
563 777 688 14 21
564 219 551 10 18
565 858 72 12 11
566 495 580 20 22
567 975 711 24 21
568 747 793 15 17
569 481 566 24 23
570 145 700 24 11
571 194 238 10 17
572 396 509 5 13
573 196 267 10 26
574 238 556 14 26
575 28 698 25 23
576 110 732 17 12
577 569 126 29 16
578 126 727 29 18
579 61 247 27 18
580 91 603 15 13
581 944 393 18 13
582 824 729 23 21
583 128 847 28 13
584 865 72 18 23
585 382 290 16 10
586 874 148 25 24
587 221 412 25 26
588 769 379 23 29
589 595 393 16 26
590 52 246 26 17
591 257 923 11 18
592 956 966 22 23
593 869 130 13 25
594 554 495 12 23
595 563 274 21 25
596 256 571 22 18
597 419 101 14 17
598 192 599 23 27
599 177 541 15 25
600 48 293 17 28
601 31 106 23 13
602 678 875 12 20
603 305 156 11 18
604 172 125 21 27
605 809 699 25 15
606 882 67 24 14
607 659 474 21 13
608 688 954 11 14
609 32 557 28 27
610 38 800 13 13
611 217 256 14 26
612 605 367 15 25
613 596 146 22 14
614 30 812 24 28
615 551 153 23 16
616 790 784 21 10
617 942 896 23 11
618 355 844 19 20
619 39 541 22 22
620 434 497 11 12
621 682 913 26 22
622 323 589 20 12
623 535 711 19 21
624 750 207 25 28
625 534 58 20 15
626 323 18 17 16
627 110 740 25 15
628 868 211 14 15
629 212 887 24 28
630 438 733 28 14
631 959 545 13 21
632 755 887 21 14
633 561 100 19 11
634 192 651 16 20
635 556 168 27 14
636 905 883 19 12
637 846 323 15 10
638 886 296 12 10
639 912 221 24 29
640 695 373 24 16
641 427 432 27 11
642 956 797 28 20
643 870 826 13 13
644 891 373 26 27
645 900 681 21 19
646 132 239 25 28
647 342 245 15 9
648 257 544 17 19
649 57 418 15 16
650 338 329 11 16
651 864 941 15 16
652 280 720 28 26
653 336 525 22 17
654 870 496 18 13
655 939 781 23 22
656 925 445 15 17
657 506 270 13 13
658 962 641 11 21
659 781 779 16 14
660 693 158 27 16
661 464 911 19 26
662 534 452 29 28
663 575 398 13 19
664 315 843 18 20
665 721 163 25 13
666 784 526 22 15
667 350 809 19 25
668 351 43 20 25
669 943 926 24 22
670 511 308 14 25
671 547 790 29 22
672 801 41 15 22
673 235 900 13 12
674 871 486 13 17
675 855 206 20 18
676 762 670 14 16
677 842 380 16 18
678 140 741 10 13
679 548 808 28 10
680 595 758 29 12
681 769 212 18 24
682 884 337 21 18
683 363 131 22 10
684 622 285 27 19
685 972 974 21 13
686 881 885 23 15
687 437 522 15 21
688 235 359 29 22
689 195 919 22 25
690 84 594 14 11
691 389 87 26 18
692 887 909 17 10
693 351 642 13 19
694 10 474 13 22
695 847 267 16 27
696 728 436 28 20
697 955 677 26 14
698 24 796 25 25
699 0 588 22 28
700 654 306 18 18
701 141 451 16 19
702 575 336 26 16
703 509 223 20 25
704 104 328 15 24
705 11 698 23 16
706 985 851 13 16
707 296 236 20 24
708 669 206 10 27
709 677 866 17 22
710 336 530 10 10
711 18 570 29 13
712 272 524 18 23
713 239 359 20 20
714 583 180 24 17
715 103 444 16 13
716 946 0 23 11
717 79 226 22 24
718 159 801 13 16
719 594 9 20 22
720 453 387 29 10
721 823 35 22 13
722 616 16 19 17
723 58 893 26 11
724 853 811 18 16
725 42 867 25 22
726 758 139 12 21
727 537 64 27 14
728 121 208 11 11
729 631 338 12 23
730 691 808 22 28
731 398 620 21 15
732 47 206 18 21
733 744 245 23 21
734 797 16 11 13
735 915 544 24 14
736 845 724 20 18
737 626 118 13 24
738 566 929 28 27
739 258 117 23 24
740 680 338 19 27
741 598 442 23 22
742 340 530 10 22
743 140 977 28 16
744 317 824 11 27
745 294 158 19 11
746 130 973 20 25
747 190 15 11 15
748 191 198 27 14
749 942 654 20 24
750 510 803 18 18
751 868 24 26 15
752 827 856 28 23
753 503 501 27 26
754 875 467 28 29
755 364 952 29 25
756 948 156 27 26
757 79 57 10 29
758 380 97 29 15
759 145 439 20 23
760 683 343 25 25
761 492 354 18 27
762 812 434 11 29
763 889 712 22 23
764 216 804 29 19
765 321 370 23 24
766 637 188 11 28
767 337 48 23 26
768 296 219 16 12
769 202 182 29 26
770 888 350 15 24
771 938 11 21 17
772 348 206 14 16
773 545 827 23 23
774 954 888 28 19
775 182 672 22 13
776 884 871 23 26
777 573 538 23 28
778 42 98 20 21
779 738 577 19 24
780 836 966 13 6
781 59 792 18 11
782 160 626 24 29
783 891 937 17 17
784 773 65 6 8
785 689 611 17 22
786 770 153 25 19
787 670 298 17 27
788 924 891 15 14
789 675 452 12 13
790 761 186 13 19
791 411 851 13 11
792 959 450 25 11
793 686 353 10 21
794 945 559 25 25
795 841 263 24 14
796 892 490 18 10
797 417 760 10 28
798 107 321 23 18
799 146 468 17 17
800 428 422 14 26
801 634 140 28 14
802 194 141 14 15
803 132 846 13 15
804 261 372 23 21
805 953 979 25 16
806 914 880 14 10
807 582 356 11 10
808 50 626 23 17
809 16 740 23 22
810 91 754 10 28
811 190 49 26 18
812 808 809 24 19
813 569 55 13 28
814 773 791 24 11
815 830 21 13 28
816 902 495 15 23
817 904 89 26 21
818 220 350 16 15
819 440 120 23 13
820 69 216 19 14
821 738 644 27 20
822 98 77 24 19
823 723 313 16 24
824 510 786 28 29
825 613 122 25 21
826 794 56 11 11
827 297 74 18 13
828 417 380 20 15
829 642 24 18 13
830 815 683 16 22
831 127 776 25 17
832 373 249 23 21
833 150 966 13 24
834 239 417 20 15
835 64 680 12 12
836 197 200 13 9
837 235 569 24 19
838 69 693 18 25
839 764 403 26 29
840 163 836 21 12
841 323 798 13 11
842 504 371 10 20
843 695 336 17 26
844 554 82 20 14
845 852 480 29 14
846 418 90 10 12
847 515 883 23 24
848 983 681 10 23
849 960 99 25 17
850 482 905 24 28
851 415 774 12 28
852 668 792 19 25
853 878 291 19 28
854 53 590 14 12
855 162 789 25 13
856 859 535 12 14
857 708 579 12 10
858 748 477 12 14
859 165 670 23 18
860 297 985 23 12
861 326 171 24 10
862 610 610 10 28
863 956 726 22 25
864 27 809 15 19
865 959 7 10 12
866 838 923 18 27
867 555 54 5 7
868 243 421 15 16
869 41 71 11 27
870 637 835 12 13
871 59 579 24 16
872 916 875 22 29
873 685 798 24 21
874 892 58 14 27
875 241 927 16 21
876 425 630 11 13
877 792 807 21 29
878 311 583 29 19
879 644 619 15 18
880 112 579 28 12
881 781 335 25 19
882 586 742 26 26
883 88 760 25 22
884 675 434 11 10
885 561 340 21 11
886 172 658 27 27
887 813 427 14 10
888 696 577 19 13
889 432 331 20 16
890 158 796 16 19
891 975 721 12 20
892 127 87 19 27
893 509 211 14 26
894 627 419 27 11
895 573 910 28 23
896 84 662 27 14
897 327 778 23 29
898 114 352 20 26
899 245 592 28 19
900 45 291 25 20
901 609 266 14 12
902 765 324 21 12
903 8 518 29 27
904 494 287 23 26
905 357 376 11 11
906 626 395 14 24
907 305 327 11 28
908 420 846 14 12
909 144 381 11 26
910 443 378 20 19
911 219 316 9 5
912 961 738 10 14
913 524 43 27 20
914 246 597 17 13
915 132 901 19 24
916 266 123 14 11
917 784 92 12 11
918 140 23 16 10
919 286 461 14 21
920 378 558 26 19
921 260 726 28 11
922 736 446 27 11
923 494 181 11 29
924 658 835 16 23
925 891 291 23 16
926 218 356 28 28
927 186 637 28 18
928 96 26 29 19
929 21 792 29 12
930 894 734 18 28
931 410 775 24 11
932 39 369 16 19
933 916 22 23 17
934 661 99 21 26
935 322 108 24 22
936 715 157 26 22
937 234 892 14 21
938 489 453 12 18
939 910 219 26 17
940 285 756 12 25
941 408 851 20 15
942 584 44 25 21
943 60 880 20 16
944 66 727 11 18
945 842 275 21 18
946 983 282 11 20
947 568 397 22 15
948 966 748 28 22
949 953 396 19 12
950 348 791 16 27
951 473 937 12 20
952 237 652 15 22
953 889 289 20 10
954 391 93 16 16
955 208 525 29 22
956 675 365 18 18
957 116 71 19 21
958 43 522 22 26
959 317 527 22 15
960 237 204 15 29
961 282 194 17 15
962 598 299 25 22
963 492 531 21 16
964 249 637 15 10
965 335 651 19 26
966 735 839 20 21
967 213 312 26 14
968 205 209 13 12
969 632 824 15 18
970 213 204 20 24
971 585 27 15 27
972 469 933 21 28
973 907 511 29 12
974 534 725 14 11
975 756 863 22 29
976 715 2 18 19
977 776 509 27 18
978 665 433 17 13
979 393 344 16 14
980 819 968 25 23
981 137 776 10 16
982 128 821 12 28
983 22 87 12 14
984 357 203 18 25
985 128 892 24 22
986 988 833 10 27
987 638 827 24 21
988 860 952 15 16
989 325 383 24 25
990 593 221 4 4
991 870 707 20 10
992 905 364 29 28
993 628 204 27 29
994 678 206 29 28
995 723 281 23 27
996 970 184 13 16
997 175 435 19 13
998 785 395 23 21
999 341 116 22 24
1000 140 496 24 26
1001 70 500 18 24
1002 637 363 10 13
1003 431 769 12 10
1004 621 609 29 18
1005 335 526 21 28
1006 692 862 18 14
1007 720 706 17 20
1008 765 145 28 11
1009 409 818 17 12
1010 83 515 18 10
1011 215 278 11 22
1012 786 78 10 28
1013 608 43 23 17
1014 158 758 15 21
1015 77 659 13 27
1016 884 73 27 19
1017 181 566 13 19
1018 302 745 21 24
1019 198 537 11 19
1020 594 361 21 15
1021 532 642 28 14
1022 690 488 24 20
1023 517 900 17 28
1024 8 848 19 17
1025 834 963 23 19
1026 572 188 15 12
1027 439 489 20 15
1028 773 271 28 11
1029 19 360 20 24
1030 111 128 23 13
1031 203 314 25 27
1032 175 693 16 12
1033 100 636 12 25
1034 449 40 28 27
1035 894 65 13 22
1036 527 174 14 24
1037 745 186 27 15
1038 838 720 18 11
1039 96 764 20 16
1040 158 966 25 26
1041 816 158 14 27
1042 879 100 20 16
1043 121 332 17 29
1044 681 626 16 27
1045 853 122 20 26
1046 642 841 19 10
1047 224 68 27 19
1048 886 950 28 21
1049 892 65 22 26
1050 125 16 16 11
1051 250 725 21 20
1052 284 393 10 14
1053 777 408 15 21
1054 968 633 20 18
1055 806 411 10 13
1056 431 498 22 22
1057 913 267 16 27
1058 432 715 11 12
1059 413 868 24 24
1060 360 338 19 27
1061 539 136 28 20
1062 639 591 20 29
1063 250 402 19 21
1064 339 16 14 23
1065 97 602 13 10
1066 850 818 10 14
1067 221 231 20 29
1068 780 79 29 25
1069 825 711 28 23
1070 452 724 16 14
1071 599 441 11 17
1072 302 773 17 19
1073 954 455 10 26
1074 42 646 18 20
1075 851 362 27 19
1076 40 513 10 18
1077 273 805 12 25
1078 884 688 23 14
1079 407 848 19 18
1080 590 541 13 28
1081 417 582 17 18
1082 244 931 15 15
1083 753 566 12 27
1084 47 89 19 14
1085 702 745 27 12
1086 22 704 26 17
1087 740 305 16 28
1088 395 853 21 17
1089 926 408 16 29
1090 250 814 23 24
1091 636 344 16 15
1092 882 671 12 17
1093 390 460 23 16
1094 216 149 19 11
1095 115 513 17 27
1096 142 621 16 20
1097 218 984 14 15
1098 641 613 25 29
1099 466 73 19 25
1100 686 644 16 21
1101 237 164 23 11
1102 285 161 10 29
1103 810 654 28 13
1104 774 93 11 13
1105 517 425 15 25
1106 85 143 14 10
1107 521 430 17 18
1108 150 223 19 27
1109 966 238 20 26
1110 599 403 29 22
1111 472 269 19 25
1112 8 33 24 23
1113 944 907 17 27
1114 935 685 11 13
1115 224 507 29 21
1116 692 457 24 23
1117 26 776 16 26
1118 272 147 28 27
1119 449 531 15 23
1120 912 871 23 10
1121 640 619 22 12
1122 1 727 15 24
1123 407 338 12 17
1124 140 493 27 17
1125 465 938 10 11
1126 129 489 25 25
1127 482 969 11 28
1128 793 10 25 26
1129 489 376 19 17
1130 440 917 28 22
1131 572 926 22 11
1132 234 564 29 10
1133 29 211 26 21
1134 641 851 21 26
1135 757 77 22 23
1136 683 272 26 17
1137 508 367 15 14
1138 684 885 12 16
1139 935 900 9 9
1140 438 507 11 16
1141 143 416 11 11
1142 217 280 6 13
1143 183 240 27 17
1144 439 777 22 19
1145 534 221 27 13
1146 834 971 16 19
1147 874 900 19 15
1148 719 392 14 25
1149 903 925 24 18
1150 2 361 20 14
1151 325 841 17 18
1152 242 718 13 20
1153 647 835 14 27
1154 72 408 23 28
1155 624 546 29 21
1156 925 624 15 16
1157 445 45 12 23
1158 36 867 18 20
1159 954 691 16 25
1160 383 106 14 18
1161 699 474 14 25
1162 837 324 18 14
1163 677 709 14 19
1164 220 231 13 16
1165 633 895 21 16
1166 615 565 22 12
1167 389 713 8 3
1168 500 899 23 11
1169 252 429 27 21
1170 262 357 24 19
1171 948 10 20 17
1172 981 317 13 18
1173 940 181 23 17
1174 397 917 10 29
1175 947 704 16 15
1176 14 227 25 10
1177 130 257 19 17
1178 973 909 20 26
1179 593 939 24 11
1180 931 897 17 16
1181 669 847 20 26
1182 500 60 12 23
1183 975 97 15 13
1184 124 462 21 12
1185 469 858 10 22
1186 84 75 12 14
1187 402 853 16 18
1188 860 79 24 28
1189 133 404 23 21
1190 533 717 16 26
1191 383 610 26 13
1192 594 261 16 21
1193 501 433 29 11
1194 240 560 27 13
1195 364 550 19 21
1196 907 858 26 25
1197 680 852 13 19
1198 829 172 12 26
1199 961 178 16 23
1200 458 283 23 23
1201 804 904 12 25
1202 148 471 14 28
1203 207 722 10 24
1204 388 877 28 29
1205 895 932 23 21
1206 308 203 28 10
1207 460 550 19 16
1208 153 752 26 12
1209 632 290 20 13
1210 223 552 28 13
1211 589 151 17 22
1212 850 810 17 24
1213 331 630 17 6
1214 528 51 29 22
1215 91 32 29 15
1216 193 550 14 29
1217 771 63 12 17
1218 74 589 26 11
1219 840 262 25 21
1220 215 768 17 11
1221 904 933 20 20
1222 188 141 11 20
1223 509 397 18 27
1224 220 546 15 12
1225 962 536 14 21
1226 911 390 26 24
1227 610 132 25 25
1228 444 846 20 21
1229 912 803 13 21
1230 165 806 12 27
1231 373 248 17 23
1232 807 896 13 19
1233 520 554 12 27
1234 94 511 19 11
1235 435 689 17 11
1236 665 653 13 13
1237 130 242 11 19
1238 530 216 21 15
1239 635 575 27 10
1240 12 692 25 24
1241 137 234 25 25
1242 438 628 21 20
1243 257 935 23 10
1244 275 246 14 22
1245 383 80 20 27
1246 194 82 27 15
1247 836 864 18 12
1248 797 687 21 11
1249 4 114 25 21
1250 725 543 13 23
1251 710 524 10 17
1252 49 472 14 18
1253 928 883 17 19
1254 435 127 26 18
1255 913 708 17 18
1256 248 564 19 14
1257 827 713 22 18
1258 883 72 13 16
1259 220 318 19 13
1260 416 126 25 14
1261 130 103 28 10
1262 712 824 17 10
1263 448 49 23 29
1264 344 403 18 23
1265 277 256 3 8
1266 81 179 15 25
1267 206 519 22 23
1268 902 277 15 23
1269 673 443 18 26
1270 726 331 22 18
1271 73 170 19 14
1272 499 548 12 14
1273 587 802 29 22
1274 77 644 24 27
1275 469 828 14 3
1276 888 483 26 10
1277 50 360 17 27
1278 857 790 21 29
1279 231 894 16 12
1280 23 131 27 29
1281 73 300 10 12
1282 286 137 20 25
1283 673 866 21 27
1284 347 704 27 23
1285 445 504 16 25
1286 919 668 28 20
1287 74 729 29 11
1288 957 313 21 13
1289 566 873 18 16
1290 407 547 28 17
1291 581 354 23 22
1292 119 762 20 28
1293 174 133 29 26
1294 265 262 14 19
1295 548 129 28 11
1296 57 32 10 29
1297 780 123 14 28
1298 195 339 17 20
1299 892 193 28 11
1300 634 811 17 27
1301 130 498 26 10